/*
    This file is provided under a dual LGPL/BSD license.  When using
    or redistributing this file, you may do so under either license.

    LGPL LICENSE SUMMARY

    Copyright(c) 2011. Intel Corporation. All rights reserved.

    This library is free software; you can redistribute it and/or modify
    it under the terms of the GNU Lesser General Public License as
    published by the Free Software Foundation; either version 2.1 of the
    License, or (at your option) any later version.

    This library is distributed in the hope that it will be useful, but
    WITHOUT ANY WARRANTY; without even the implied warranty of
    MERCHANTABILITY or FITNESS FOR A PARTICULAR PURPOSE. See the GNU
    Lesser General Public License for more details.

    You should have received a copy of the GNU Lesser General Public
    License along with this library; if not, write to the Free Software
    Foundation, Inc., 59 Temple Place, Suite 330, Boston, MA 02111-1307
    USA.

    BSD LICENSE

    Copyright (c) 2011. Intel Corporation. All rights reserved.

    Redistribution and use in source and binary forms, with or without
    modification, are permitted provided that the following conditions
    are met:

      - Redistributions of source code must retain the above copyright
        notice, this list of conditions and the following disclaimer.
      - Redistributions in binary form must reproduce the above copyright
        notice, this list of conditions and the following disclaimer in
        the documentation and/or other materials provided with the
        distribution.
      - Neither the name of Intel Corporation nor the names of its
        contributors may be used to endorse or promote products derived
        from this software without specific prior written permission.

    THIS SOFTWARE IS PROVIDED BY THE COPYRIGHT HOLDERS AND CONTRIBUTORS
    "AS IS" AND ANY EXPRESS OR IMPLIED WARRANTIES, INCLUDING, BUT NOT
    LIMITED TO, THE IMPLIED WARRANTIES OF MERCHANTABILITY AND FITNESS FOR
    A PARTICULAR PURPOSE ARE DISCLAIMED. IN NO EVENT SHALL THE COPYRIGHT
    OWNER OR CONTRIBUTORS BE LIABLE FOR ANY DIRECT, INDIRECT, INCIDENTAL,
    SPECIAL, EXEMPLARY, OR CONSEQUENTIAL DAMAGES (INCLUDING, BUT NOT
    LIMITED TO, PROCUREMENT OF SUBSTITUTE GOODS OR SERVICES; LOSS OF USE,
    DATA, OR PROFITS; OR BUSINESS INTERRUPTION) HOWEVER CAUSED AND ON ANY
    THEORY OF LIABILITY, WHETHER IN CONTRACT, STRICT LIABILITY, OR TORT
    (INCLUDING NEGLIGENCE OR OTHERWISE) ARISING IN ANY WAY OUT OF THE USE
    OF THIS SOFTWARE, EVEN IF ADVISED OF THE POSSIBILITY OF SUCH DAMAGE.

    Contact Information for Intel:
        Intel Corporation
        2200 Mission College Blvd.
        Santa Clara, CA  97052
*/

/*
* Filter for conversion from 32000Hz to 48000Hz
* Coefficients per phase   = 60
* Upsample rate            = 3
* Downsample rate          = 2
* Pass band frequency      = 1.452250e+004
* Stop band frequency      = 16000
* Pass band ripple         = 0.10
* Stop band attenuation    = 90.00
* Generalized equiripple method
* Linear phase
*/
float const coeff_32000_48000_float_sse[180] __attribute__ ((aligned (16)))= {
/** Phase 0 **/
-0.000619405985621F, -0.002835806265380F, 0.000702251462222F, -0.000063569210850F, -0.000503455234273F, 0.001215787709313F,
-0.002081192017054F, 0.003040153600119F, -0.003990210037487F, 0.004797304768239F, -0.005306393505282F, 0.005353546051529F,
-0.004779938892358F, 0.003447598232616F, -0.001256165533111F, -0.001840691380930F, 0.005821027523683F, -0.010583757675486F,
0.015942246703917F, -0.021621999854008F, 0.027261249124438F, -0.032411418970657F, 0.036531001071844F, -0.038958209252160F,
0.038826674117214F, -0.034822742742286F, 0.024432387923711F, -0.001034307029061F, -0.064059605217144F, 0.886583707096008F,
0.253590007731054F, -0.142192231453917F, 0.103172855670533F, -0.079364892376968F, 0.061258806817130F, -0.046152421212501F,
0.033145721981496F, -0.021951442919002F, 0.012501432384820F, -0.004787013688981F, -0.001213136840068F, 0.005565102695628F,
-0.008390374823697F, 0.009863629656802F, -0.010202413080710F, 0.009651791750537F, -0.008466752121097F, 0.006894557220641F,
-0.005159200135670F, 0.003449398773708F, -0.001910510565363F, 0.000640369899459F, 0.000311869083264F, -0.000944658184166F,
0.001303011847007F, -0.001484828385633F, 0.001692591521012F, -0.002365801543535F, -0.001465856287674F, 0.000051365461710F,

/** Phase 1 **/
-0.000127056785783F, -0.002381091051865F, -0.000973939669549F, 0.001355901420911F, -0.001736535208718F, 0.002169225621334F,
-0.002545787126011F, 0.002746513649294F, -0.002652394244945F, 0.002155977541134F, -0.001173325095469F, -0.000344072546496F,
0.002397939283447F, -0.004933485274827F, 0.007832177539593F, -0.010908407635485F, 0.013910676253656F, -0.016527434661927F,
0.018396266531750F, -0.019114207156817F, 0.018245666465747F, -0.015322026482895F, 0.009822210830133F, -0.001112332280205F,
-0.011706652845605F, 0.030181324391725F, -0.057567314990447F, 0.102452211833003F, -0.196857789943542F, 0.631431140404979F,
0.631431140404979F, -0.196857789943542F, 0.102452211833003F, -0.057567314990447F, 0.030181324391725F, -0.011706652845605F,
-0.001112332280205F, 0.009822210830133F, -0.015322026482895F, 0.018245666465747F, -0.019114207156817F, 0.018396266531750F,
-0.016527434661927F, 0.013910676253656F, -0.010908407635485F, 0.007832177539593F, -0.004933485274827F, 0.002397939283447F,
-0.000344072546496F, -0.001173325095469F, 0.002155977541134F, -0.002652394244945F, 0.002746513649294F, -0.002545787126011F,
0.002169225621334F, -0.001736535208718F, 0.001355901420911F, -0.000973939669549F, -0.002381091051865F, -0.000127056785783F,

/** Phase 2 **/
0.000051365461710F, -0.001465856287674F, -0.002365801543535F, 0.001692591521012F, -0.001484828385633F, 0.001303011847007F,
-0.000944658184166F, 0.000311869083264F, 0.000640369899459F, -0.001910510565363F, 0.003449398773708F, -0.005159200135670F,
0.006894557220641F, -0.008466752121097F, 0.009651791750537F, -0.010202413080710F, 0.009863629656802F, -0.008390374823697F,
0.005565102695628F, -0.001213136840068F, -0.004787013688981F, 0.012501432384820F, -0.021951442919002F, 0.033145721981496F,
-0.046152421212501F, 0.061258806817130F, -0.079364892376968F, 0.103172855670533F, -0.142192231453917F, 0.253590007731054F,
0.886583707096008F, -0.064059605217144F, -0.001034307029061F, 0.024432387923711F, -0.034822742742286F, 0.038826674117214F,
-0.038958209252160F, 0.036531001071844F, -0.032411418970657F, 0.027261249124438F, -0.021621999854008F, 0.015942246703917F,
-0.010583757675486F, 0.005821027523683F, -0.001840691380930F, -0.001256165533111F, 0.003447598232616F, -0.004779938892358F,
0.005353546051529F, -0.005306393505282F, 0.004797304768239F, -0.003990210037487F, 0.003040153600119F, -0.002081192017054F,
0.001215787709313F, -0.000503455234273F, -0.000063569210850F, 0.000702251462222F, -0.002835806265380F, -0.000619405985621F
};